9989
9344 9192
5205 1892
7205 9958
9641 4691
5071 3620
7026 5267
6901 6855
4218 8769
3749 7210
7656 6939
1554 2864
204 2840
3278 3591
5876 6806
1611 7397
8682 9918
4810 9808
5998 3880
3785 8732
7104 3000
3506 2606
8258 822
8008 5268
2364 1224
5320 3821
1648 341
6041 899
4456 9399
9105 7556
5371 2418
9959 9360
5781 4228
5741 6563
4832 443
5747 3673
6625 3069
2608 3707
7320 1990
3918 167
2186 3831
7971 4849
3549 5576
9779 2598
2553 1398
3734 4933
8261 4933
8207 3295
9799 628
6632 1724
1988 8073
870 3773
8125 4625
744 811
2054 3998
3038 5749
4583 1649
6863 6765
1957 1880
7687 4130
36 881
4810 6244
4051 6875
5029 4990
2362 9964
9756 1260
9120 1935
6047 2857
1138 7765
3101 6082
4221 8513
531 4130
9044 4583
9755 9915
6198 2035
4133 3599
7593 2649
3104 9721
462 484
8164 9740
6062 3285
9748 9434
2219 2506
5746 6761
6907 6490
6449 6631
3530 2791
8860 9054
2609 2277
9466 6037
1798 5846
6556 6450
1081 8140
9830 4475
5274 400
8614 4403
999 2687
2780 1782
9017 6049
3145 7611
5571 6745
9976 7664
4955 4453
6544 7183
2203 8315
1647 8668
1284 3004
2954 7402
7104 4620
1685 4941
1701 3467
8035 4565
512 6025
3005 8295
8725 1894
6907 7369
3092 8774
1610 8341
3085 4795
243 3938
6242 7275
7169 2292
3132 7707
8876 9500
340 4506
5783 9989
9529 8999
6049 6573
1170 9534
2881 267
9456 6042
2019 7959
986 6661
4361 7326
4624 561
2219 8588
4789 8611
4787 1787
7893 3086
2100 2377
1145 1869
6131 9312
1829 8909
9966 859
8701 2240
120 9545
5961 8639
816 8432
5963 4080
1066 7481
8757 1961
286 4516
1398 3686
8538 9391
3631 2312
9534 767
5995 3024
8815 4089
3626 5852
9383 647
7936 6632
3580 2443
6319 7819
7 3550
9287 5919
6435 1724
7671 6489
7006 7082
3021 909
9521 3465
503 6722
8220 4178
230 2933
1733 9003
3589 5622
5310 2648
8584 7436
8149 7282
5586 3785
3401 4148
5330 3565
2905 1909
2833 4043
6185 9310
5245 5320
741 8968
5337 1390
3744 7251
684 3945
6146 3301
7454 4131
4372 9475
2940 5656
6547 1983
2640 8138
6232 5722
4099 3533
7716 3526
623 1606
4309 6870
1667 8086
1474 1414
7499 3862
7405 5422
455 4186
3747 3233
5096 4546
9158 5684
9614 9051
2076 1374
7091 6856
5390 205
6045 3304
8630 4834
8102 6781
1702 6324
9130 6975
9415 5317
8681 3841
2438 9808
4834 5353
645 4527
3683 8664
9721 9277
2433 7505
9453 6534
2364 5882
9369 8653
2705 3033
8100 7648
3794 2890
4745 4025
7278 7369
9252 8691
3904 1234
1569 226
9566 8450
7600 2177
5235 327
5913 3856
2634 2076
7060 7473
7205 7664
185 5740
1954 8241
2433 1883
928 6895
3243 8668
8411 959
8835 3989
3100 4431
9380 8514
9504 6562
4452 2089
1198 5796
5787 9074
4211 4223
5034 6800
7482 2193
2417 970
2794 1504
8119 1072
4613 2944
2403 7462
5875 5800
4083 5800
5130 3644
8255 9663
2845 6753
8221 42
9724 2798
5397 4651
8675 4257
1540 6369
5576 3091
4094 1684
1510 8374
3957 4231
8364 1612
5849 5747
1992 8876
9933 1842
8811 2139
5288 8135
735 5021
5846 4936
6240 988
3022 7731
4950 885
4507 9747
3287 9518
6994 6740
972 3422
8323 1388
6972 5919
2151 9266
6164 9048
3634 6966
5452 520
4090 3282
9507 6408
7173 6863
5970 5916
7885 6834
8656 7691
9281 1003
4282 2581
4552 3850
714 1731
6042 631
6166 5691
6367 6305
5172 2630
2843 4599
5439 4807
9576 5102
3653 152
5199 2946
4972 8330
7162 1204
9515 571
4564 3093
5205 7593
7343 8173
3670 8521
8742 280
2008 6223
2960 8770
1263 9833
1681 9510
3493 8535
1847 7782
8978 6269
6491 3726
2082 3916
2165 3949
9357 8981
9537 8542
1992 2729
2100 992
5951 1610
2580 5379
6370 4363
4386 3144
1733 6043
2156 6562
6653 8146
5135 4097
4428 4703
2573 3152
3150 733
957 8322
2609 515
2186 8298
3946 9970
8802 9347
3929 7656
5449 1880
9832 3041
6929 265
540 8913
2256 9088
3886 3162
5571 3769
411 2300
3825 4464
6247 2060
7047 431
7254 5158
340 565
5474 7765
8742 7040
3702 1958
24 3091
8248 1755
1075 7731
31 1057
6640 7972
6427 1621
4089 403
7355 2089
3702 4458
7129 5934
2100 3958
335 9939
7191 1826
8466 4925
8398 6356
5744 5551
9788 1131
1754 2448
4310 7570
1623 4481
4315 6852
9471 793
7631 9480
850 1446
7114 1885
4010 9964
5617 2601
7685 7695
6846 2226
5358 5003
4780 6137
162 8870
727 377
4920 8785
9301 7184
3143 3766
67 5072
6609 2282
6775 3465
9221 1728
7513 9804
7051 4666
1335 1373
4273 2037
4861 1792
8967 4760
8647 52
2081 5104
8152 3808
7318 8914
6175 5543
9319 1108
6025 6290
2179 120
9170 1484
6236 5892
369 595
4764 6135
4970 6213
1024 6064
1801 2981
410 5984
8930 2214
1914 7536
9911 5337
1922 1047
7099 3232
4459 4973
3701 4324
8922 2736
5477 2868
8005 4938
3781 3978
6293 4501
9685 3156
855 5467
7677 8911
1750 5396
3345 9376
2773 544
3091 46
2256 2853
8740 2299
9585 4718
1169 8425
9469 3621
2608 6089
2879 2081
8522 8430
9029 6668
8655 9904
7669 5383
4921 3588
4545 7037
8917 7783
2386 7951
6060 6464
5107 9909
1425 5313
7657 9021
4424 8142
5586 5142
7734 9658
3489 4777
3015 9632
748 6131
8762 744
8708 412
7008 8840
2175 4969
4005 4022
7602 3645
9366 2670
4764 5234
7336 5452
3321 5026
8126 9917
1113 5220
1234 7413
574 1329
7681 3889
8704 3126
9097 8077
4895 3209
8533 5114
3905 1421
7944 3512
1803 6917
9661 631
3748 9600
4517 3658
8882 1886
2558 9364
3189 2863
4253 4950
6113 8218
385 2226
3049 5114
6175 604
5793 9137
8611 3520
9719 6469
9783 1275
6975 4872
4219 3976
9113 9798
9122 8745
8070 5628
5047 2502
6642 8035
6303 4894
3280 607
7757 1437
5984 4094
4530 5958
2448 4281
9140 4685
3701 1102
3294 5104
4054 6515
5904 8228
9660 3306
2118 4821
9170 3243
5988 7104
9523 2071
5113 3839
3884 7853
3560 6769
1798 2729
4428 806
4384 5841
5903 2711
811 7141
3219 1514
8432 8048
2480 7674
262 6579
5844 8345
3882 7455
8291 48
7209 4861
2769 7241
1450 6489
3804 4289
1884 9207
5028 2056
9319 4236
2195 3799
2444 2399
5700 1210
1743 3934
6086 6464
7359 1758
7785 9675
9019 9061
943 5235
5017 9850
3244 7698
6731 7600
7355 5938
6689 8586
1655 1101
5284 7396
8524 1125
2772 2377
1077 2839
1230 2950
3684 33
6418 9024
4844 9784
6565 5696
7521 4430
9907 4870
574 863
4025 6871
4393 6163
7630 7592
6906 6901
3904 9724
1125 4608
1698 6122
523 8017
7248 5384
6505 9663
9487 9428
4028 8472
6842 8267
8099 5709
871 9530
2778 6737
373 5496
1024 4176
4544 2887
8563 3082
690 9903
932 8012
1066 6440
5670 786
4385 7284
9862 1398
7550 5083
2258 1231
1225 7730
8138 7893
9190 2110
449 2345
1395 6451
884 3799
6428 7872
952 4874
4639 5743
9512 8513
5883 4557
1872 5465
7200 9765
585 1235
1131 6395
793 9091
27 9862
8561 4933
4517 9268
9086 7161
3783 6749
3488 3916
3709 1840
1479 3933
5667 5044
8129 8629
4443 2241
7876 3590
8686 3139
615 3467
3242 5571
91 2833
6719 4555
7957 5048
3507 2370
5466 4539
6134 3365
5700 4138
2647 254
370 2680
2503 553
8867 7408
5098 2383
6572 2822
1042 4812
5275 7611
5245 1618
1040 6914
6767 8472
724 890
3160 5477
8815 3608
1909 9189
2430 3619
4074 7642
1443 4880
7914 3661
7129 7355
5104 7363
9515 6330
930 1649
6148 2186
6756 6423
8188 593
2431 7635
2760 4313
5665 2653
1194 9077
2151 9508
8905 2033
6822 9767
9025 9304
9658 6886
5614 1948
7956 9200
1709 6228
6852 2404
7851 2315
7360 5656
6566 4547
2672 6837
7878 6594
7979 8040
6523 2564
1888 86
8378 8218
9914 6125
8062 4142
6812 9818
1454 3206
6240 9027
2968 5871
8953 1480
6692 9691
3021 8135
6508 8034
1250 7403
743 1261
2774 1991
8776 8687
6092 7421
3930 9819
8570 9848
4619 6699
7388 6482
7079 1376
6316 2391
5506 1148
4914 7558
748 4476
2691 9353
4446 6907
5700 96
1047 8242
5666 9098
2379 4117
2125 6011
7156 8957
7151 8479
1176 467
4892 3534
1735 1429
4721 8539
3534 1755
7780 5777
8674 876
2214 634
8607 6190
3282 5716
9657 2321
4434 9259
2107 2758